Source 1400 600
2 840 34
3W 864 254
3E 992 253
2S 1124 263
13N 1215 453
13S 1233 694
12 1318 785
52 850 840
R 646 973
45 689 80
46 648 232
4W 779 435
4E 926 358
6 1009 435
14 1104 461
10 1098 764
11 1193 819
48 666 444
8 938 771
7 890 652
51 653 711
H 407 876
47 549 333
9 1062 890
5 901 510
50 691 635
l 515 451
48 668 440 
49 703 537
4 506 539
7_ 503 660
S 487 756
I 277 798
5_ 404 540
M 318 715
8_ 400 631
2_ 405 437
3 289 432
5_ 397 545
3_ 90 838
6_ 280 522
9_ 293 597
Sink 160 506
B 195 672
_2 175 782